Nayem
1000.00 0.00
-1 -1 -1 -1 -1 -1 -1 -1 -1 -1 -1 -1 -1 -1 3 -1 -1 -1 3 2 2 2 3 -1 -1 -1 -1 -1 -1 2 -1 -1 
Jubel
500.00 0.00
-1 -1 -1 -1 -1 -1 -1 -1 -1 -1 -1 -1 -1 -1 2 -1 -1 -1 1 2 3 2 2 -1 -1 -1 -1 -1 -1 3 -1 -1 
Badhon
1000.00 0.00
-1 -1 -1 -1 -1 -1 -1 -1 -1 -1 -1 -1 -1 -1 1 -1 -1 -1 3 2 2 2 2 -1 -1 -1 -1 -1 -1 4 -1 -1 
Rafi
500.00 0.00
-1 -1 -1 -1 -1 -1 -1 -1 -1 -1 -1 -1 -1 -1 2 -1 -1 -1 3 2 4 2 4 -1 -1 -1 -1 -1 -1 3 -1 -1 
Rakib
500.00 0.00
-1 -1 -1 -1 -1 -1 -1 -1 -1 -1 -1 -1 -1 -1 3 -1 -1 -1 -1 -1 -1 -1 -1 -1 -1 -1 -1 -1 -1 -1 -1 -1 
